name: orc
channels:
  - conda-forge
  - defaults
dependencies:
  - asttokens=2.4.1=pyhd8ed1ab_0
  - bzip2=1.0.8=h2bbff1b_6
  - ca-certificates=2024.3.11=haa95532_0
  - colorama=0.4.6=pyhd8ed1ab_0
  - comm=0.2.2=pyhd8ed1ab_0
  - debugpy=1.8.1=py311h12c1d0e_0
  - decorator=5.1.1=pyhd8ed1ab_0
  - exceptiongroup=1.2.0=pyhd8ed1ab_2
  - executing=2.0.1=pyhd8ed1ab_0
  - importlib-metadata=7.1.0=pyha770c72_0
  - importlib_metadata=7.1.0=hd8ed1ab_0
  - ipykernel=6.29.3=pyha63f2e9_0
  - ipython=8.22.2=pyh7428d3b_0
  - jedi=0.19.1=pyhd8ed1ab_0
  - jupyter_client=8.6.1=pyhd8ed1ab_0
  - jupyter_core=5.7.2=py311h1ea47a8_0
  - libexpat=2.6.2=h63175ca_0
  - libffi=3.4.4=hd77b12b_1
  - libsodium=1.0.18=h8d14728_1
  - libsqlite=3.45.3=hcfcfb64_0
  - libzlib=1.2.13=hcfcfb64_5
  - matplotlib-inline=0.1.7=pyhd8ed1ab_0
  - nest-asyncio=1.6.0=pyhd8ed1ab_0
  - openssl=3.3.0=hcfcfb64_0
  - parso=0.8.4=pyhd8ed1ab_0
  - pickleshare=0.7.5=py_1003
  - platformdirs=4.2.1=pyhd8ed1ab_0
  - prompt-toolkit=3.0.42=pyha770c72_0
  - psutil=5.9.8=py311ha68e1ae_0
  - pure_eval=0.2.2=pyhd8ed1ab_0
  - pygments=2.17.2=pyhd8ed1ab_0
  - python=3.11.9=h631f459_0_cpython
  - python_abi=3.11=4_cp311
  - pywin32=306=py311h12c1d0e_2
  - pyzmq=26.0.2=py311h484c95c_0
  - six=1.16.0=pyh6c4a22f_0
  - sqlite=3.45.3=h2bbff1b_0
  - stack_data=0.6.2=pyhd8ed1ab_0
  - tk=8.6.13=h5226925_1
  - tornado=6.4=py311ha68e1ae_0
  - traitlets=5.14.3=pyhd8ed1ab_0
  - typing_extensions=4.11.0=pyha770c72_0
  - tzdata=2024a=h04d1e81_0
  - ucrt=10.0.22621.0=h57928b3_0
  - vc=14.2=h21ff451_1
  - vc14_runtime=14.38.33130=h82b7239_18
  - vs2015_runtime=14.38.33130=hcb4865c_18
  - wcwidth=0.2.13=pyhd8ed1ab_0
  - wheel=0.43.0=py311haa95532_0
  - xz=5.4.6=h8cc25b3_1
  - zeromq=4.3.5=he0c23c2_3
  - zipp=3.17.0=pyhd8ed1ab_0
  - zlib=1.2.13=hcfcfb64_5
  - pip:
      - absl-py==2.1.0
      - appdirs==1.4.4
      - attrs==23.2.0
      - audioread==3.0.1
      - certifi==2024.2.2
      - cffi==1.16.0
      - chardet==5.2.0
      - charset-normalizer==3.3.2
      - click==8.1.7
      - contourpy==1.2.1
      - cycler==0.12.1
      - cython==3.0.10
      - docker-pycreds==0.4.0
      - ffmpeg==1.4
      - filelock==3.13.1
      - flatbuffers==24.3.25
      - fonttools==4.51.0
      - fsspec==2024.2.0
      - gensim==4.3.2
      - gitdb==4.0.11
      - gitpython==3.1.43
      - idna==3.7
      - intel-openmp==2021.4.0
      - jinja2==3.1.3
      - joblib==1.4.2
      - jsonpickle==3.0.4
      - kiwisolver==1.4.5
      - lazy-loader==0.4
      - librosa==0.10.2
      - llvmlite==0.42.0
      - markupsafe==2.1.5
      - matplotlib==3.8.4
      - melodia==1.1
      - mido==1.3.2
      - mkl==2021.4.0
      - more-itertools==10.2.0
      - mpmath==1.3.0
      - msgpack==1.0.8
      - music21==9.1.0
      - networkx==3.2.1
      - nltk==3.8.1
      - numba==0.59.1
      - numpy==1.26.3
      - packaging==23.2
      - pillow==10.2.0
      - pip==24.0
      - pooch==1.8.1
      - pretty-midi==0.2.10
      - protobuf==4.25.3
      - pycparser==2.22
      - pydub==0.25.1
      - pyparsing==3.1.2
      - python-dateutil==2.9.0.post0
      - pyyaml==6.0.1
      - regex==2024.4.28
      - requests==2.31.0
      - resampy==0.4.3
      - scikit-learn==1.4.2
      - scipy==1.10.1
      - sentry-sdk==2.0.1
      - setproctitle==1.3.3
      - setuptools==69.5.1
      - smart-open==7.0.4
      - smmap==5.0.1
      - soundfile==0.12.1
      - soxr==0.3.7
      - sympy==1.12
      - tbb==2021.11.0
      - threadpoolctl==3.5.0
      - torch==2.3.0+cu121
      - torchaudio==2.3.0+cu121
      - torchvision==0.18.0+cu121
      - tqdm==4.66.4
      - typing-extensions==4.9.0
      - urllib3==2.2.1
      - wandb==0.16.6
      - webcolors==1.13
      - wrapt==1.16.0
prefix: C:\Users\rahat\miniconda3\envs\orc
